[[1, 0, 0, 0, 0, 0, 0, 0, 0], [0.6185583131055212]]
[[1, -1, 0, 0, 0, 0, 0, 1, 0], [0.672092678166876]]
[[1, -1, 0, -1, 0, 0, 0, 1, 1], [0.5]]
[[1, -1, 0, -1, 0, 1, -1, 1, 1], [0.7797198501990357]]
[[1, -1, -1, -1, 1, 1, -1, 1, 1], [1]]
[[0, 1, 0, 0, 0, 0, 0, 0, 0], [0.5]]
[[1, -1, 1, 0, 0, 0, 0, 0, 0], [0.5]]
[[1, -1, 1, 0, 0, 0, -1, 1, 0], [0.5241145450855609]]
[[1, -1, 1, -1, 0, 0, -1, 1, 1], [0.5800000000000001]]
[[1, 1, 0, -1, 0, 0, 0, 0, 0], [0.5259317236369011]]
[[1, 1, 0, -1, -1, 0, 0, 1, 0], [0.7148431493024083]]
[[1, 1, 1, -1, -1, 0, 0, 1, -1], [0.9]]
[[1, -1, 0, 0, 0, 0, 0, 1, 0], [0.5]]
[[1, -1, 0, -1, 1, -1, 0, 1, 1], [0.9186710618957621]]
[[1, -1, 0, -1, 0, 0, 0, 1, 1], [0.8161497989401562]]
[[1, 1, -1, 0, 0, 0, 0, 0, 0], [0.504194304]]
[[1, -1, 0, 0, 0, 0, 0, 0, 1], [0.5]]
[[1, -1, 0, -1, 0, 0, 1, 0, 1], [0.5]]
[[1, -1, -1, -1, 0, 0, 1, 1, 1], [0.9821719390365207]]
[[1, -1, 1, 0, -1, 0, -1, 1, 1], [0.5969210237856439]]
[[1, -1, 1, 1, -1, -1, -1, 1, 1], [0.5102397380472737]]
[[1, -1, 0, 0, 0, 0, 0, 0, 1], [0.5032]]
[[1, -1, 0, 1, 0, 0, -1, 1, 0], [0.5]]
[[1, -1, 0, 1, -1, 1, -1, 1, 0], [0.5725898982411433]]
[[1, -1, 0, 0, 0, 1, 0, 0, 0], [0.5]]
[[1, -1, 1, 0, 0, 1, 0, -1, 0], [0.7893575213640761]]
[[1, -1, 1, 1, -1, -1, 0, 1, 0], [0.5813254601457716]]
[[1, -1, 0, -1, 0, 0, 1, 1, 0], [0.5963662968268538]]
[[1, -1, 1, 0, 1, -1, -1, 1, 0], [0.7221901020690661]]
[[1, 0, 0, 0, 0, 0, -1, 1, 0], [0.5758169570688932]]
[[1, -1, 1, 0, 1, 0, -1, 1, -1], [0.5009961734144]]
[[0, 0, 0, 0, 0, 0, 0, 1, 0], [0.50131072]]
[[1, 0, -1, 1, 0, 0, -1, 1, 0], [0.596]]
[[1, -1, 0, 0, 0, 1, -1, 1, 0], [0.7125823617046615]]
[[1, -1, 1, -1, 0, 1, -1, 1, 0], [0.580559809560576]]
[[1, -1, 0, 0, 0, 0, 0, 0, 1], [0.50832]]
[[1, -1, 1, 0, 0, -1, 0, 1, 0], [0.5001024]]
[[1, -1, 1, 0, 1, -1, 0, 1, -1], [0.8078271585546613]]
[[1, -1, 1, 0, -1, -1, 1, 1, 0], [0.5]]
[[1, -1, 1, 1, -1, -1, 1, 1, -1], [0.9]]
[[1, 0, 0, 1, 0, 0, 0, -1, 0], [0.5725097759633561]]
[[1, -1, 1, 1, -1, -1, 0, 1, 0], [0.5809955195860202]]
[[1, -1, 0, 0, 0, -1, 0, 1, 1], [0.8602019585198192]]
[[0, 0, 0, 0, 0, 0, 0, 1, 0], [0.5037313188698521]]
[[1, -1, 1, 0, 0, 0, -1, 1, 0], [0.50004096]]
[[0, 0, 0, 0, 0, 0, 0, 0, 1], [0.5]]
[[1, 0, 0, -1, 0, 0, 0, 0, 1], [0.5]]
[[1, 0, 1, -1, 0, 0, -1, 0, 1], [0.6327333151456908]]
[[1, -1, 0, 0, 0, 0, 1, 0, 0], [0.5000256]]
[[1, -1, 0, 0, 0, -1, 0, 1, 1], [0.5814999707034485]]
[[1, -1, -1, 0, -1, 1, 0, 1, 1], [0.5129289316570999]]
[[1, 0, 0, 0, 0, 0, 1, 0, -1], [0.5257681350182988]]
[[1, -1, 1, -1, 0, 0, 1, 1, -1], [0.58194837703193]]
[[1, -1, 0, 1, 0, 1, -1, 1, -1], [0.5868474929731003]]
[[1, 0, 0, 0, 0, 0, 0, 0, 0], [0.5312233582891702]]
[[0, 0, 0, 0, 0, 0, 1, 0, 0], [0.5029850550958818]]
[[1, 0, 0, 0, 1, -1, -1, 1, 0], [0.5733929835021595]]
[[1, -1, 0, 0, -1, 0, 1, 1, 0], [0.6365795146286762]]
[[1, 0, 0, 0, -1, 0, 0, 1, 0], [0.5195190745980356]]
[[1, 0, 1, 0, -1, 0, 0, 1, -1], [0.5]]
[[1, 0, 1, 0, -1, 1, -1, 1, -1], [0.5843108237259523]]
[[0, 0, 0, 0, 0, 0, 1, 0, 0], [0.5060251130375703]]
[[1, -1, -1, 0, -1, 1, 0, 1, 1], [0.5241549910921162]]
[[1, -1, -1, 0, -1, 1, 0, 1, 1], [0.5256094138665536]]
[[1, -1, -1, 0, 0, 1, 0, 1, 0], [0.5847027752908381]]
[[1, -1, -1, 0, -1, 1, 1, 1, 0], [0.8989288055308928]]
[[1, -1, 0, 0, 1, 0, 0, 0, 0], [0.5056158004533919]]
[[1, -1, 0, -1, 1, 0, -1, 1, 1], [0.9209589188272158]]
[[1, -1, 0, 0, 0, 0, 1, 0, 0], [0.5]]
[[1, -1, 0, 0, 0, 1, 1, 0, -1], [0.5]]
[[1, -1, 1, 0, 0, 1, 1, -1, -1], [0.5843391480899371]]
[[0, 0, 0, 1, 0, 0, 0, 0, 0], [0.5]]
[[0, 0, -1, 1, 1, 0, 0, 0, 0], [0.5]]
[[0, 1, -1, 1, 1, 0, -1, 0, 0], [0.5165366524620154]]
[[0, 1, -1, 1, 1, -1, -1, 0, 1], [0.649589686372538]]
[[1, -1, -1, 0, -1, 1, 1, 1, 0], [0.5800000000000001]]
[[0, 0, 0, 1, 0, 0, 0, 0, 0], [0.5]]
[[1, -1, -1, 0, -1, 1, 0, 1, 1], [0.5193537271359517]]
[[1, -1, -1, -1, 1, 1, 0, 1, 0], [0.6511518580811629]]
[[1, -1, -1, 0, -1, 1, 1, 1, 0], [0.5800000000000001]]
[[1, 0, 0, 0, 0, 0, 0, 0, 0], [0.5]]
[[1, -1, -1, 0, -1, 1, 0, 1, 1], [0.5210347802901261]]
[[1, -1, -1, 1, -1, 1, 0, 1, 0], [0.5]]
[[0, 0, 0, 0, 0, 0, 0, 0, 1], [0.5]]
[[1, 1, 0, -1, 0, -1, 0, 0, 1], [0.5663364795220176]]
[[0, 0, 0, 0, 0, 0, 0, 1, 0], [0.5144673009268572]]
[[1, 0, 1, 0, 0, -1, 0, 0, 0], [0.5065236064397165]]
[[1, 0, 1, 0, 0, -1, 0, -1, 1], [0.5]]
[[1, 0, 1, 0, 1, -1, -1, -1, 1], [0.9163871524059773]]
[[1, -1, -1, -1, 1, 1, -1, 1, 1], [0.9151465647166097]]
[[1, -1, -1, 0, -1, 0, 1, 1, 1], [0.9190728713659784]]
[[1, -1, -1, 1, -1, 1, 1, 1, -1], [1]]
[[0, 0, 0, 0, 1, 0, 0, 0, 0], [0.5]]
[[1, 0, 0, 0, 1, 0, -1, 0, 0], [0.5]]
[[1, 1, -1, 0, 1, 0, -1, 0, 0], [0.5828562544652315]]
[[1, -1, 0, 0, 0, 0, 0, 1, 0], [0.5422952358706421]]
[[1, -1, -1, 1, -1, 1, 1, 1, -1], [0.9]]
[[1, 1, 1, -1, 0, -1, 0, -1, 1], [0.9115572322307552]]
[[1, 1, -1, 0, 0, 0, -1, 0, 1], [0.5]]
[[1, 1, -1, 1, 0, -1, -1, 0, 1], [0.6]]
[[0, 0, 0, 0, 0, 0, 1, 0, 0], [0.5174663811243008]]
[[1, -1, 0, 0, 1, 0, 0, 0, 0], [0.5135339377956427]]
[[1, 0, 0, 1, 1, 0, -1, -1, 0], [0.5]]
[[1, -1, 0, 1, 1, 1, -1, -1, 0], [0.9188837858909505]]
[[1, -1, -1, 0, 0, 0, 0, 1, 1], [0.5]]
[[1, -1, -1, 0, 0, -1, 1, 1, 1], [0.9237116626211043]]
