[[0, 0, 0, 0, 0, 0, 0, 1, 0], [0.5861601280841058]]
[[0, 1, -1, 0, 0, 0, 0, 1, 0], [0.7005903268513791]]
[[0, 1, -1, 0, 0, 1, 0, 1, -1], [0.6]]
[[-1, 1, -1, 0, 0, 1, 1, 1, -1], [0.5223534255980413]]
[[0, 1, -1, 1, 0, 0, 0, 1, -1], [0.6917839401062605]]
[[-1, 1, -1, 1, 1, 0, 0, 1, -1], [0.926928453768329]]
[[0, 0, 0, -1, 0, 0, 1, 1, 0], [0.5984372253457121]]
[[0, -1, 0, -1, 1, 0, 1, 1, 0], [0.7690256453499056]]
[[-1, -1, 1, -1, 1, 0, 1, 1, 0], [0.9404143872282833]]
[[0, 0, 0, 1, 0, 0, 0, 0, 0], [0.5]]
[[1, 1, -1, 0, -1, 1, 0, 1, -1], [0.5442031491461702]]
[[0, 0, 0, 0, 1, 0, 0, 0, 0], [0.5]]
[[-1, 0, 0, 0, 1, 0, 0, 0, 1], [0.5416]]
[[-1, 0, 0, 0, 1, -1, 1, 0, 1], [0.6315167801484364]]
[[-1, 0, 0, -1, 1, -1, 1, 1, 1], [0.9815814972502088]]
[[-1, 1, -1, 0, 0, 1, 0, 1, 0], [0.5]]
[[-1, 1, -1, -1, 1, 1, 1, 1, -1], [0.9]]
[[0, 1, -1, -1, 1, 1, 0, 1, -1], [0.9172320256168212]]
[[0, 0, -1, 0, 0, 0, 0, 1, 1], [0.5]]
[[-1, 0, -1, 1, 0, 0, 0, 1, 1], [0.5800000000000001]]
[[-1, 1, -1, 1, -1, -1, 1, 1, 1], [0.9354289803381584]]
[[-1, 1, -1, 0, 0, 0, 1, 1, 0], [0.5]]
[[-1, 1, -1, 1, 0, -1, 1, 1, 0], [0.6481300013339731]]
[[-1, 0, 0, 0, 0, 1, 0, 1, 0], [0.5815586624304653]]
[[-1, 0, 0, 0, 1, 1, 0, 1, -1], [0.5]]
[[0, 1, -1, -1, 0, 1, 0, 1, 0], [0.7133734965376932]]
[[1, 1, -1, -1, 0, 1, 0, 1, -1], [0.5800000000000001]]
[[1, 1, -1, 0, -1, 0, 0, 1, 0], [0.7154568449056937]]
[[0, 0, 0, 0, -1, 1, 0, 1, 0], [0.5455937893661452]]
[[0, -1, 0, 0, -1, 1, 1, 1, 0], [0.7098604965111946]]
[[0, -1, 0, 1, -1, 1, 1, 1, -1], [0.58072306688]]
[[1, -1, -1, 1, -1, 1, 1, 1, -1], [0.9]]
[[0, 1, -1, 0, 0, 0, -1, 1, 1], [0.516]]
[[1, 1, -1, 0, 0, -1, -1, 1, 1], [0.6038319319022142]]
[[0, -1, 0, 1, 0, 0, 0, 1, 0], [0.5501323626672366]]
[[0, 0, 0, 0, 0, 0, 0, 0, 1], [0.5]]
[[0, 0, 1, 0, 0, 0, -1, 0, 1], [0.5640000000000001]]
[[0, 0, 1, -1, 0, 1, -1, 0, 1], [0.98]]
[[0, -1, 1, 0, -1, 1, 1, 1, -1], [0.5]]
[[0, -1, -1, 1, 0, 1, 0, 1, 0], [0.5640000000000001]]
[[1, 1, -1, 0, 0, 0, 0, 1, -1], [0.542939241004582]]
[[0, 1, -1, 1, 1, -1, -1, 1, 0], [0.9004096]]
[[1, 0, 0, 0, 0, 0, 0, 0, 0], [0.5]]
[[1, -1, 1, -1, 1, -1, 1, 1, -1], [0.9215400320210264]]
[[1, -1, -1, 1, 0, 0, 0, 1, 0], [0.5902148386928304]]
[[0, 0, 0, 0, 0, 0, 0, 1, 0], [0.52225567596544]]
[[0, 0, -1, 1, 0, 0, 0, 1, 0], [0.5390656]]
[[1, 1, -1, -1, 1, 0, 0, 1, -1], [0.9082695267545335]]
[[-1, 1, -1, 0, 1, 1, 0, 1, -1], [0.9431672036846267]]
[[0, 0, 0, 0, 0, 1, 0, 1, -1], [0.5]]
[[-1, 0, 1, 0, 0, 1, 0, 1, -1], [0.7805304766234327]]
[[1, 1, -1, 0, 0, 1, -1, 1, -1], [0.509974900164397]]
[[0, 1, -1, -1, 1, 0, -1, 1, 1], [0.910336908443167]]
[[0, 0, -1, 1, 0, 0, 0, 1, 0], [0.5]]
[[0, 0, 1, 0, 0, 0, 0, 0, 0], [0.513519606955261]]
[[1, 0, 0, 0, 0, 0, -1, 1, 0], [0.5013970890998776]]
[[1, -1, 0, 0, 0, 0, -1, 1, 1], [0.5055883563995104]]
[[1, 0, 0, 0, 0, 0, 0, 0, 0], [0.5]]
[[1, 0, -1, 0, 1, 1, 0, 0, -1], [0.5]]
[[1, 1, -1, 0, 1, 1, -1, 0, -1], [0.6482115089048129]]
[[0, -1, 1, -1, 1, -1, 1, 1, 0], [0.9335117773980683]]
[[-1, 1, -1, 1, 0, 0, 1, 1, -1], [0.5150677714033794]]
[[1, 0, 0, 0, 0, 0, 0, 0, 0], [0.5]]
[[0, 0, 0, 0, -1, 0, 0, 1, 1], [0.5]]
[[0, 1, -1, 0, -1, 0, 0, 1, 1], [0.501259690524672]]
[[0, 0, 0, 1, 0, 0, 0, 0, 0], [0.5131209605414911]]
[[-1, 1, -1, 1, 0, 0, 0, 1, 0], [0.5818100096701901]]
[[1, 1, -1, 0, 0, 0, 0, 1, -1], [0.5055883563995104]]
[[0, 0, 0, 0, 0, 0, 0, 0, 1], [0.5]]
[[0, -1, 1, -1, 0, 1, -1, 1, 1], [0.9078037627179066]]
[[1, 0, 0, 0, 0, 0, 0, 0, 0], [0.503279195037109]]
[[0, 1, -1, 0, 0, 0, 0, 1, 0], [0.5158838972070027]]
[[0, 0, 0, 0, 0, 0, 1, 0, 0], [0.5]]
[[0, 1, -1, 1, 0, -1, -1, 1, 1], [0.5123695876693327]]
[[-1, 1, -1, 1, 0, 1, 0, 1, -1], [0.5]]
[[-1, 1, -1, 1, 1, 1, -1, 1, -1], [0.9121833741211421]]
[[0, 1, -1, 0, 1, 0, 0, 1, -1], [0.9517732172920331]]
[[0, 1, -1, 0, 0, 1, 0, 1, -1], [0.5]]
[[-1, 1, -1, 0, 1, 1, 0, 1, -1], [1]]
[[0, 0, -1, 0, 0, 0, 1, 1, 0], [0.5]]
[[0, 0, -1, 1, 0, -1, 1, 1, 0], [0.7599987044549106]]
[[0, 0, 0, 0, 0, -1, 1, 1, 0], [0.5674850406917116]]
[[0, 1, -1, 0, 0, 0, 1, 1, -1], [0.5202116789173972]]
[[0, 1, -1, 0, 0, 0, 1, 1, -1], [0.5]]
[[0, 0, 0, 1, 0, 0, 0, 0, 0], [0.5172811526497895]]
[[0, 0, 1, 1, 0, 0, 1, -1, -1], [0.5]]
[[0, -1, 1, 1, 1, 0, 1, -1, -1], [0.9229166436724192]]
[[0, 1, -1, 0, -1, 0, 0, 1, 1], [0.5039471468090432]]
[[0, 0, 0, 0, 0, 0, 1, 0, 0], [0.516]]
[[0, 0, 1, -1, 1, 0, 1, 0, -1], [0.9]]
[[0, 0, 0, 0, 1, 0, 0, 0, 0], [0.5032]]
[[0, 0, 0, 0, 0, 0, 0, 1, 0], [0.5441403486945318]]
[[0, 0, 1, 0, 0, 0, 0, 0, 0], [0.5]]
[[0, 0, 1, 0, 1, 0, 0, -1, 0], [0.5]]
[[0, 0, 1, 0, 1, 0, -1, -1, 1], [0.5]]
[[-1, 0, 1, 0, 1, 1, -1, -1, 1], [0.9516172031337707]]
[[1, 0, -1, 0, 0, -1, 1, 1, 0], [0.5486438466167216]]
[[0, 0, -1, 0, 0, 1, 0, 1, 0], [0.5]]
[[1, -1, 0, 0, 0, 1, 0, 1, -1], [0.5]]
[[1, -1, 0, 1, -1, 1, 0, 1, -1], [0.5871434452075204]]
[[0, -1, 0, 0, 1, 0, 0, 1, 0], [0.5]]
[[1, -1, -1, 0, 1, 0, 0, 1, 0], [0.5]]
[[1, -1, -1, 0, 1, 0, -1, 1, 1], [0.9260295777899007]]
[[1, -1, 0, 1, 0, 0, 0, 1, -1], [0.5671521274291589]]
[[0, 1, -1, 0, -1, 0, 0, 1, 1], [0.5031577174472345]]
[[1, -1, 0, 1, 0, 1, -1, 1, -1], [0.5870380392419238]]
[[1, -1, -1, 1, 1, 1, -1, 1, -1], [0.9269250400262831]]
[[0, 1, 0, -1, 0, 0, 0, 1, 0], [0.5]]
[[0, 1, 0, -1, 0, 1, 0, 1, -1], [0.585555420383691]]
