[[0, 0, 0, 0, 0, 0, 0, 0, 1], [0.8228978125037595]]
[[0, 0, 0, 0, -1, 0, 1, 0, 1], [0.8956973526239823]]
[[0, 0, 1, 0, -1, -1, 1, 0, 1], [0.5800000000000001]]
[[1, 0, 1, 0, -1, -1, 1, -1, 1], [0.5220118624997674]]
[[-1, 0, 0, 0, 0, 1, 0, 0, 1], [0.5031200514041332]]
[[-1, 0, -1, 1, 0, 1, 0, 0, 1], [0.5266710389654823]]
[[0, -1, 0, 0, 1, 0, 0, 0, 1], [0.5753802048110098]]
[[0, -1, -1, 1, 1, 0, 0, 0, 1], [0.5305075691362189]]
[[0, -1, -1, 1, 1, -1, 0, 1, 1], [0.5]]
[[0, 0, -1, 0, -1, 0, 1, 1, 1], [0.9580025322287091]]
[[-1, 0, 0, 1, -1, 0, 1, 0, 1], [0.5718044313572846]]
[[-1, 0, 1, 1, -1, -1, 1, 0, 1], [0.7749764739248568]]
[[-1, -1, 1, 1, -1, -1, 1, 1, 1], [0.9]]
[[0, 0, 0, 0, 1, -1, 0, 0, 1], [0.8529670774140867]]
[[1, 0, 0, -1, 1, -1, 0, 0, 1], [0.9]]
[[0, -1, -1, 1, 1, -1, 0, 1, 1], [0.5]]
[[0, 0, -1, 0, 0, 0, 0, 1, 1], [0.6822615138272438]]
[[0, 1, 0, 0, 0, 0, 0, -1, 1], [0.5842599829729339]]
[[0, 1, 0, 0, 1, 0, -1, -1, 1], [0.6004096]]
[[0, 1, -1, 1, 1, 0, -1, -1, 1], [0.519538074799606]]
[[-1, 1, -1, 1, 1, 1, -1, -1, 1], [0.9418411434259177]]
[[0, 0, 0, 0, -1, -1, 1, 1, 1], [1]]
[[0, 0, 0, 0, 0, 0, -1, 1, 1], [0.578924074537329]]
[[-1, 1, 0, 0, 0, 0, -1, 1, 1], [0.5]]
[[-1, 1, 0, 1, -1, 0, -1, 1, 1], [0.502048]]
[[0, 0, 1, -1, -1, 0, 1, 0, 1], [0.7118162790742176]]
[[0, 1, 0, 0, -1, -1, 1, 0, 1], [0.5]]
[[0, 1, 0, 1, -1, -1, 1, -1, 1], [0.6464952832]]
[[0, 0, 0, 0, -1, -1, 1, 1, 1], [0.9505773657932582]]
[[0, 1, 0, 0, 0, 0, 0, 0, 0], [0.5]]
[[0, 0, 0, -1, 1, 0, 0, 0, 1], [0.6482543218350642]]
[[-1, 1, -1, 1, 1, 1, -1, -1, 1], [1]]
[[1, 0, -1, 0, -1, 0, 1, 0, 1], [0.516]]
[[0, -1, 1, -1, -1, 1, 1, 0, 1], [0.9884190198018866]]
[[-1, 0, 0, 1, 1, -1, 0, 0, 1], [0.6609725599979399]]
[[1, 0, 0, 0, 0, 0, 0, 0, 0], [0.5]]
[[1, 0, -1, 1, 0, -1, 1, -1, 1], [0.9240489360697401]]
[[0, 0, 0, 0, 0, 0, 0, 0, 1], [0.524423026458445]]
[[1, 0, 0, -1, -1, 0, 1, 0, 1], [0.5232773880775166]]
[[0, 0, -1, 1, -1, 0, 1, 0, 1], [0.5]]
[[1, 0, -1, 1, -1, -1, 1, 0, 1], [0.9]]
[[0, 0, 0, 0, 0, 0, 0, 0, 1], [0.5156850335283434]]
[[0, 0, 0, 0, 0, 1, 0, 0, 0], [0.5128]]
[[0, -1, -1, 0, -1, 1, 1, 1, 1], [0.9879537802089835]]
[[1, 0, 0, 0, -1, 0, 0, 0, 1], [0.5]]
[[1, 1, 0, 0, -1, -1, 0, 0, 1], [0.5156304598396848]]
[[0, 0, 0, -1, 1, 0, 1, -1, 1], [0.5166238208]]
[[0, 0, 0, 0, 1, 0, 0, 0, 0], [0.5128]]
[[0, 0, 1, 0, 0, 0, 0, 0, 0], [0.5]]
[[0, 0, 1, 0, 1, 0, -1, 0, 0], [0.5]]
[[0, 0, 1, 0, -1, 0, 0, 0, 1], [0.5843835401428908]]
[[0, -1, -1, 0, 1, 0, 1, 0, 1], [0.7661102949103468]]
[[1, -1, -1, -1, 1, 1, 1, -1, 1], [0.9669159787269545]]
[[0, 0, 0, 1, -1, -1, 1, 0, 1], [0.5432550650092052]]
[[0, 0, 0, 0, -1, 1, 0, 0, 1], [0.5840949503824361]]
[[0, -1, 0, 0, -1, 1, 1, 0, 1], [0.5]]
[[-1, -1, 0, 0, -1, 1, 1, 1, 1], [1.0]]
[[0, 0, 0, 0, 0, 0, 1, 0, 0], [0.5211154811348871]]
[[0, 0, 0, 1, 0, 0, 0, -1, 1], [0.5]]
[[0, 0, -1, 1, 0, 1, 0, -1, 1], [0.5889308708609132]]
[[1, 0, -1, 1, -1, 1, 0, -1, 1], [0.5183544034974402]]
[[0, -1, 0, 0, 1, 0, -1, 1, 1], [0.8169387366045691]]
[[0, 0, 1, -1, -1, 1, 1, -1, 1], [0.9]]
[[0, 0, 0, 1, -1, 0, 0, 0, 1], [0.5173296967205776]]
[[1, 0, 0, 0, -1, 0, 0, 0, 1], [0.5037573663325983]]
[[-1, 0, 1, -1, -1, 0, 1, 1, 1], [0.9223111160474106]]
[[0, 1, 0, 0, 0, 0, 0, 0, 0], [0.5033954741840752]]
[[1, 1, -1, 0, 1, 0, 0, 0, -1], [0.524868817341108]]
[[0, 0, 0, -1, -1, 0, 1, 1, 1], [1]]
[[1, 0, 0, 0, -1, 0, 0, 0, 1], [0.5]]
[[1, -1, 0, 0, -1, 0, 1, 0, 1], [0.5459626228854371]]
[[0, 1, 0, 0, 0, 0, 0, 0, 0], [0.5]]
[[0, 1, -1, 0, 0, 0, 0, 0, 1], [0.5]]
[[1, 1, -1, 0, 0, -1, 0, 0, 1], [0.5]]
[[1, 1, -1, 0, 0, -1, 1, -1, 1], [0.6]]
[[0, 0, 0, -1, -1, 1, 1, 0, 1], [0.5445598708720139]]
[[1, 0, 0, 0, -1, 0, 0, 0, 1], [0.5196245165327819]]
[[0, -1, 0, 1, -1, 0, 1, 0, 1], [0.5964541066671664]]
[[0, 0, 0, -1, -1, 0, 1, 1, 1], [0.9609395854947408]]
[[0, 0, 0, 0, 0, 1, 0, 0, 0], [0.5560888599322216]]
[[0, 0, 0, 1, 0, 0, 0, 0, 0], [0.5]]
[[1, 1, 0, 0, 0, 0, -1, -1, 1], [0.6]]
[[0, 0, 0, 0, 0, 0, 0, 0, 1], [0.5080894828250683]]
[[0, 0, 0, 0, 0, 0, 0, 1, 0], [0.5]]
[[0, 0, -1, 0, 1, 0, -1, 1, 1], [0.6799999999999999]]
[[0, 0, 0, 1, 0, 0, 0, 0, 0], [0.5]]
[[0, 0, 1, 1, 0, 0, 0, -1, 0], [0.5]]
[[0, -1, 1, 1, 0, 1, 0, -1, 0], [0.5405364918464709]]
[[0, 0, 1, -1, -1, 0, 1, 0, 1], [0.5560377946769787]]
[[-1, 0, 0, 0, -1, 1, 1, 0, 1], [0.589246850804356]]
[[1, 0, -1, 0, -1, 0, 1, 0, 1], [0.5968900225280981]]
[[0, 0, 0, 0, 0, 1, 0, 0, 0], [0.5682417693535217]]
[[1, 1, -1, -1, -1, 1, 0, 0, 1], [0.5520885896562355]]
[[0, 1, 0, -1, -1, 0, 1, 0, 1], [0.5]]
[[0, 1, 0, -1, -1, 1, 1, -1, 1], [0.5887978676850179]]
[[0, 0, 0, 0, 0, 0, 1, 0, 0], [0.567588716201161]]
[[0, 0, 0, 0, -1, 0, 0, 1, 1], [0.5]]
[[0, 0, -1, 1, -1, 0, 0, 1, 1], [0.5]]
[[0, -1, -1, 1, -1, 0, 1, 1, 1], [0.9493166869383406]]
[[0, -1, 0, 0, -1, 0, 1, 1, 1], [0.9542675441428582]]
